# K=4 G=8 tau=2.0 damping=0.05 iters=300
#    gamma          seed         final final/seed     residual
   100.000  6.703368e-06  3.303390e-07     0.0493   3.8969e-03
    50.000  2.661275e-05  1.084135e-06     0.0407   1.4500e-02
    20.000  1.625360e-04  4.104668e-06     0.0253   3.9922e-02
    10.000  6.246504e-04  8.474693e-06     0.0136   4.3746e-02
     5.000  2.296331e-03  1.350197e-05     0.0059   1.6187e-02
     3.000  5.667137e-03  1.787838e-04     0.0315   1.3762e-02
     2.000  1.096141e-02  2.064569e-04     0.0188   1.2743e-02
     1.500  1.676670e-02  1.995283e-04     0.0119   1.3336e-02
     1.000  2.820609e-02  1.970585e-04     0.0070   1.5094e-02
     0.700  4.068807e-02  1.612505e-04     0.0040   4.1446e-02
     0.500  5.364318e-02  1.268694e-04     0.0024   3.2301e-02
     0.350  6.965208e-02  1.001949e-04     0.0014   5.6020e-02
     0.250  8.728234e-02  9.652283e-05     0.0011   4.5380e-02
